86,78,89
25,46,38
40,46,96
67,89,88
27,20,56
72,33,25
41,80,93
72,68,47
95,41,42
62,18,76
35,65,63
27,20,56
23,92,77
74,77,50
50,74,87
12,42,61
49,21,86
28,21,51
50,95,95
66,28,24
63,70,57
70,36,99
45,84,98
67,12,65
45,84,98
63,81,53
25,59,85
23,69,76
25,53,10
11,91,77
72,18,19
13,32,81
95,41,42
98,44,23
38,93,75
92,18,84
73,74,14
47,44,78
42,88,31
31,64,18
30,22,83
20,67,94
72,33,25
67,12,65
39,55,13
35,65,63
80,90,89
62,18,76
63,73,58
67,12,65
58,92,97
19,81,16
25,74,87
89,50,38
54,14,69
48,68,64
25,74,87
45,84,98
90,57,54
81,61,90
89,50,38
62,18,76
62,18,76
62,18,76
59,29,45
35,43,58
77,35,95
96,54,61
49,30,79
50,95,26
71,84,92
30,50,44
72,92,69
38,11,85
49,30,79
29,51,22
71,71,29
22,20,56
72,68,47
25,74,87
64,84,25
57,98,76
48,57,26
22,81,82
93,99,78
61,17,32
32,19,37
62,18,76
19,81,16
62,18,76
72,33,25
62,18,76
62,18,76
47,69,56
23,95,73
31,64,18
27,40,25
66,22,26
83,60,34
62,18,76
27,20,56
63,85,51
11,91,77
54,75,34
25,50,71
35,44,82
47,44,78
29,87,45
57,53,72
53,82,43
47,69,56
45,86,97
12,43,45
64,60,42
77,89,61
58,92,97
62,18,76
56,82,40
32,37,74
72,33,25
27,63,34
90,33,24
61,49,25
42,88,31
12,43,55
65,26,42
79,96,27
27,20,56
34,93,55
35,61,82
80,73,66
35,61,82
72,68,47
19,64,36
90,57,54
98,77,17
14,38,53
30,40,77
45,84,98
34,66,22
63,57,20
35,44,82
46,42,77
11,91,77
58,92,97
34,66,22
49,21,86
29,40,41
10,13,50
28,21,51
89,39,82
43,62,23
10,13,50
82,96,55
28,14,23
93,19,96
62,18,76
49,87,88
57,58,31
25,53,10
62,18,76
40,39,42
78,72,92
67,89,88
77,47,54
72,18,19
35,44,82
29,40,41
12,45,46
61,17,32
45,86,97
30,56,61
25,50,71
57,65,29
82,96,55
90,57,54
82,96,55
89,50,38
98,44,23
36,51,81
74,35,17
77,89,61
47,41,20
17,11,23
21,18,19
73,63,44
95,41,42
22,20,56
56,48,80
67,12,65
27,40,25
13,87,14
42,86,44
70,24,64
49,30,79
35,58,85
45,86,97
36,51,81
20,67,94
42,86,44
40,46,96
64,45,92
91,59,97
23,95,73
32,60,52
72,18,19
45,86,97
27,40,25
72,33,25
25,59,85
72,92,69
12,24,65
91,45,28
64,45,92
88,59,65
42,81,69
60,31,96
45,84,98
14,38,53
95,41,42
11,91,77
82,96,55
49,30,79
53,82,43
72,33,25
35,44,82
71,10,94
73,55,36
42,86,44
65,58,43
34,93,55
25,46,38
21,18,19
11,91,77
31,99,10
86,41,82
72,33,25
63,73,58
35,44,82
50,95,26
70,36,99
23,95,73
29,45,46
12,86,80
71,71,29
58,92,97
14,38,53
96,55,10
85,68,50
18,78,18
46,89,13
11,91,77
54,14,69
90,51,60
70,24,64
25,59,85
12,86,80
72,33,25
23,95,73
35,44,82
25,46,38
27,63,34
30,22,83
44,59,13
19,81,16
65,10,10
35,44,82
49,30,79
19,27,59
30,40,77
48,68,43
70,36,99
44,87,42
67,12,65
32,19,37
27,40,25
12,86,80
42,86,44
70,24,64
19,81,16
19,27,59
67,12,65
30,56,61
70,50,31
48,68,43
67,12,65
68,91,32
83,75,37
18,78,18
72,18,19
35,61,82
23,95,73
82,96,55
67,89,88
48,68,43
74,14,28
66,22,26
25,50,71
44,87,42
50,95,95
31,99,10
21,50,57
34,66,22
66,22,26
61,49,25
23,56,37
35,65,63
23,92,77
50,74,87
67,89,88
45,84,98
27,40,25
65,26,42
77,35,95
70,12,35
30,40,77
73,74,14
27,20,56
80,73,66
24,16,56
13,32,81
62,18,76
31,63,53
46,89,13
47,52,87
88,27,70
72,18,19
47,52,87
98,77,17
34,93,55
47,52,87
21,18,19
64,19,96
48,65,93
77,47,54
63,81,53
42,78,45
35,61,82
71,55,63
67,12,65
71,71,29
23,92,77
66,89,42
45,86,97
64,71,64
56,48,80
57,98,76
19,65,72
25,46,38
27,20,56
39,55,13
19,27,59
77,10,84
23,95,73
57,65,29
67,12,65
42,86,44
72,33,25
67,12,65
93,14,74
11,91,77
77,47,54
27,63,34
46,42,77
63,57,20
36,51,81
58,92,97
96,54,61
23,92,77
37,68,94
23,95,73
17,11,23
35,61,82
81,24,80
61,81,89
23,95,73
76,41,92
74,73,69
40,92,60
71,84,92
27,63,34
96,41,53
65,58,43
37,68,94
78,72,92
25,53,10
39,61,78
45,86,97
38,11,85
22,20,56
35,65,63
67,89,88
88,59,65
48,68,43
93,19,96
76,94,36
72,74,99
27,40,25
61,49,25
47,97,50
65,10,10
36,51,81
62,18,76
77,89,61
67,12,65
13,51,24
67,12,65
90,51,60
63,70,57
74,73,69
20,67,94
22,81,82
34,93,55
66,89,42
23,95,73
35,61,82
11,91,77
40,39,42
64,88,16
90,51,60
72,99,49
39,60,38
53,41,45
12,42,61
45,86,97
63,85,51
50,75,13
89,50,38
22,82,10
63,73,58
72,68,47
45,86,97
48,65,93
41,80,93
77,89,61
18,27,37
49,30,79
20,13,82
77,89,61
77,74,41
35,58,85
67,12,65
84,61,83
25,46,38
30,50,44
35,44,82
61,49,25
37,68,94
36,51,81
23,95,73
18,78,18
61,49,25
57,93,57
91,59,97
63,85,51
50,95,95
63,85,51
32,37,74
24,70,79
47,52,87
18,60,34
67,12,65
80,24,76
27,20,56
34,93,55
13,71,89
88,59,65
27,20,56
31,99,10
42,88,31
25,50,71
31,64,18
25,46,38
83,75,37
44,87,42
14,38,53
45,86,97
32,37,74
80,73,66
11,91,77
71,55,63
66,22,26
34,93,55
66,28,24
83,75,37
35,44,82
57,58,31
65,26,42
22,81,82
40,39,42
64,88,16
87,52,96
57,98,76
28,21,51
19,98,84
45,86,97
25,46,38
93,19,96
47,44,78
22,81,82
30,25,92
52,49,78
30,50,44
42,24,39
61,17,32
17,11,23
34,93,55
70,47,38
77,35,95
49,21,86
44,23,56
23,92,77
29,87,45
66,89,42
73,55,36
80,24,76
48,67,85
67,12,65
77,10,84
65,26,42
95,41,42
35,44,82
19,27,59
30,22,83
79,96,27
49,21,86
50,74,87
45,86,97
36,51,81
70,12,35
45,84,98
19,81,16
72,33,25
22,82,10
72,74,99
98,76,11
45,86,97
83,75,37
44,23,56
81,61,90
13,32,81
18,60,34
89,50,38
48,65,93
34,93,55
62,18,76
31,99,10
72,33,25
12,86,80
39,60,38
70,36,99
40,39,42
19,65,72
63,57,20
46,42,77
61,49,25
71,31,22
30,22,83
13,94,83
11,91,77
67,12,65
65,10,10
11,91,77
64,45,92
30,25,92
22,29,39
67,12,65
80,90,89
12,45,46
49,87,88
23,92,77
45,86,97
68,91,32
73,55,36
12,45,46
65,26,42
46,89,13
76,94,36
25,50,71
66,48,64
44,23,56
30,25,92
50,95,95
72,74,99
44,23,56
36,51,81
96,55,10
23,92,77
80,24,76
80,73,66
73,63,44
29,45,46
58,13,42
56,82,86
85,68,50
67,89,88
31,72,57
47,44,70
39,55,13
50,41,49
22,29,39
50,41,49
76,96,18
50,95,26
74,77,50
29,25,86
72,99,49
74,73,69
66,22,26
18,27,37
72,68,47
48,68,64
67,89,88
28,21,51
65,58,43
62,18,76
60,31,96
48,65,93
86,20,20
90,33,24
65,26,42
50,95,26
92,39,25
51,74,92
18,78,18
19,64,36
67,89,88
64,88,16
35,58,85
45,84,98
35,61,82
37,68,94
20,67,94
52,49,78
98,76,11
48,65,93
21,18,19
59,29,45
71,84,92
62,18,76
39,72,31
31,63,53
19,65,72
84,61,83
64,45,92
48,57,26
30,50,44
98,76,11
63,77,11
14,38,53
78,72,92
97,59,32
32,37,74
63,85,51
63,57,20
50,95,26
50,74,87
80,90,89
50,50,70
80,90,89
48,67,85
62,18,76
58,13,42
90,57,54
74,73,69
22,82,10
12,43,45
35,65,63
73,34,45
74,73,69
25,74,87
13,87,14
68,91,32
13,32,81
18,78,18
86,78,89
59,92,21
42,86,44
97,96,24
44,23,56
47,52,87
30,79,78
19,81,16
24,16,56
36,67,26
58,12,80
30,25,92
12,43,45
80,90,89
25,16,27
51,74,92
98,44,23
50,95,95
60,31,96
12,81,59
47,69,56
44,59,13
83,60,34
73,74,14
20,67,94
95,41,42
74,35,17
35,65,63
11,91,77
80,73,66
19,98,84
49,30,79
80,90,89
57,53,72
13,32,81
35,65,63
93,14,74
23,95,73
65,58,43
47,44,78
96,14,79
64,19,96
96,54,61
63,73,58
48,24,24
40,39,42
23,69,76
34,93,55
80,73,66
67,12,65
50,41,49
12,42,61
44,51,68
32,19,37
22,20,56
90,57,54
14,38,53
77,74,41
97,83,39
60,31,96
63,70,57
49,16,69
96,93,51
67,12,65
45,95,37
13,32,81
49,87,88
14,38,53
50,41,49
67,22,32
65,58,43
74,77,50
35,61,82
74,14,28
95,41,42
86,41,82
47,52,87
98,73,25
87,52,96
38,93,75
62,18,76
49,30,79
58,92,97
27,40,25
98,76,11
63,73,58
61,49,25
89,39,82
50,50,70
72,68,47
50,12,14
41,80,93
38,93,75
64,71,64
27,20,56
48,57,26
76,96,18
27,40,25
52,49,78
27,40,25
47,52,87
72,68,47
11,91,77
71,10,94
77,33,93
38,11,85
13,71,89
67,12,65
13,32,81
34,66,22
71,55,63
47,52,87
48,67,85
44,27,96
96,54,61
46,89,13
50,41,49
61,81,89
22,29,39
90,51,60
40,39,42
88,54,87
36,51,81
19,27,59
30,40,77
45,86,97
77,10,84
97,96,24
65,66,29
25,46,38
24,16,56
22,81,82
13,32,81
24,16,56
35,65,63
38,11,85
70,36,99
73,55,36
45,84,98
18,78,18
81,24,80
47,69,56
62,18,76
45,86,97
45,86,97
70,36,99
50,95,26
25,46,38
44,23,56
31,99,10
35,43,58
34,93,55
22,20,56
40,39,42
11,91,77
85,60,89
31,99,10
35,61,82
67,12,65
23,92,77
35,65,63
58,12,80
95,41,42
64,88,16
18,78,18
11,91,77
77,35,95
62,18,76
50,75,13
63,70,57
30,50,44
77,35,95
13,32,81
50,95,26
21,18,19
40,39,42
67,12,65
13,32,81
82,26,59
29,87,45
74,77,50
72,33,25
29,45,46
57,65,29
61,17,32
64,19,96
47,52,87
13,32,81
45,86,97
71,55,63
60,31,96
18,78,18
49,30,79
35,65,63
77,33,93
67,12,65
17,57,14
44,87,42
25,59,85
21,50,57
47,41,20
67,89,88
39,72,31
18,78,18
11,91,77
25,59,85
30,79,78
35,65,63
19,81,16
25,50,71
63,70,57
38,93,75
31,72,57
63,81,53
17,57,14
35,61,82
92,18,84
62,18,76
98,77,17
36,51,81
22,81,82
64,84,25
98,73,25
45,86,97
62,18,76
30,56,61
11,91,77
30,40,77
12,81,59
35,61,82
25,46,38
39,55,13
50,41,49
23,56,37
12,43,55
80,73,66
35,65,63
25,59,85
25,53,10
50,41,49
67,38,64
49,87,88
63,81,53
35,61,82
71,55,63
77,89,61
35,44,82
25,74,87
27,40,25
36,67,26
11,91,77
77,74,41
54,87,72
87,52,96
50,82,66
11,91,77
54,75,34
39,60,38
47,97,50
11,91,77
44,87,42
11,91,77
59,29,45
67,12,65
58,92,97
73,74,14
57,63,55
45,86,97
93,19,96
82,96,55
74,35,17
40,77,20
97,96,24
29,40,41
29,45,46
31,64,18
56,82,40
34,93,55
21,18,19
48,68,43
42,86,44
35,65,63
77,35,95
21,18,19
66,28,24
19,98,84
67,89,88
51,12,17
37,68,94
25,46,38
79,25,74
23,95,73
40,39,42
32,19,37
13,32,81
13,32,81
45,86,97
98,44,23
89,50,38
30,22,83
40,39,42
34,93,55
62,18,76
50,74,87
72,99,49
47,44,70
22,20,56
45,84,98
85,68,50
39,60,38
93,14,74
97,83,39
64,88,16
11,91,77
56,82,86
44,87,42
87,52,96
60,31,96
70,50,31
64,88,16
48,57,26
62,18,76
40,46,96
38,11,85
27,63,34
12,43,45
50,82,66
93,14,74
66,48,64
22,20,56
49,30,79
40,46,96
77,47,54
27,40,25
89,50,38
40,39,42
12,43,45
31,64,18
12,43,55
12,81,59
49,30,79
91,59,97
72,74,99
92,27,10
77,89,61
12,42,61
45,84,98
72,92,69
29,45,46
19,65,72
67,12,65
30,25,92
44,87,42
30,50,44
22,81,82
28,83,19
64,19,96
23,92,77
65,26,42
91,86,32
77,10,84
37,68,94
66,22,26
21,15,85
76,94,36
34,66,22
91,90,33
49,87,88
89,50,38
14,38,53
32,19,37
47,44,70
67,12,65
92,27,10
74,73,69
19,65,72
86,41,82
61,81,89
11,91,77
50,41,49
47,69,56
97,96,24
62,18,76
88,27,70
50,95,26
77,47,54
40,39,42
52,43,16
63,57,20
13,87,14
31,64,18
44,23,56
19,65,72
40,39,42
70,12,35
12,43,45
45,84,98
77,33,93
35,44,82
95,41,42
35,44,82
47,52,87
30,56,61
10,13,50
61,62,52
31,99,10
91,59,97
62,18,76
61,49,25
44,59,13
12,42,61
42,86,44
10,13,50
25,46,38
19,27,59
25,53,10
47,44,78
24,70,79
62,18,76
28,21,51
71,10,94
48,24,24
12,86,80
18,78,18
40,92,60
80,73,66
63,81,53
49,16,69
61,81,89
31,63,53
45,86,97
84,61,83
45,86,97
22,20,56
11,91,77
19,81,16
44,87,42
77,74,41
67,12,65
27,40,25
35,44,82
56,82,40
42,24,39
77,47,54
47,44,78
54,75,34
65,10,10
27,40,25
25,53,10
22,81,82
50,95,26
12,45,46
38,93,75
79,75,63
45,84,98
56,48,80
67,12,65
73,34,45
46,89,13
45,86,97
45,86,97
54,75,34
67,89,88
75,52,78
10,13,50
95,41,42
40,92,60
22,81,82
58,92,97
34,93,55
47,41,20
89,50,38
58,92,97
50,95,95
91,90,33
67,12,65
35,58,85
72,33,25
39,72,31
59,92,21
82,26,59
78,72,92
31,64,18
61,49,25
22,81,82
93,19,96
88,59,65
80,90,89
31,64,18
31,63,53
24,70,79
25,46,38
67,89,88
29,40,41
58,92,97
89,50,38
56,48,80
64,19,96
96,14,79
53,82,43
50,95,26
11,91,77
72,33,25
79,96,27
41,76,11
71,84,92
58,92,97
25,46,38
66,22,26
58,12,80
67,12,65
25,16,27
61,17,32
88,59,65
71,84,92
97,55,20
30,79,78
12,42,61
72,33,25
12,43,45
80,24,76
93,14,74
67,22,32
27,40,25
95,41,42
84,50,55
97,55,20
77,35,95
79,96,27
62,18,76
81,24,80
50,95,95
25,16,27
74,73,69
32,58,37
58,13,42
73,55,36
59,92,21
71,31,22
25,53,10
73,74,14
46,89,13
13,87,14
58,12,80
70,36,99
29,40,41
83,60,34
58,12,80
32,58,37
78,72,92
86,41,82
84,61,83
27,63,34
34,93,55
62,18,76
19,65,72
83,75,37
69,54,12
73,63,44
63,81,53
88,54,87
18,27,37
45,84,98
47,44,78
60,31,96
67,12,65
44,59,13
65,58,43
64,71,64
25,46,38
45,86,97
79,75,63
82,26,59
96,41,53
49,30,79
62,18,76
39,61,78
93,14,74
72,92,69
42,88,31
19,65,72
11,91,77
22,20,56
54,75,34
81,24,80
30,25,92
67,12,65
48,68,43
35,44,82
57,65,29
57,98,76
19,65,72
98,76,11
42,88,31
80,90,89
19,65,72
39,72,31
10,13,50
11,91,77
96,54,61
44,87,42
47,52,87
61,62,52
72,18,19
80,73,66
86,20,20
90,51,60
49,30,79
11,91,77
22,82,10
67,89,88
12,86,80
58,92,97
44,27,96
34,66,22
53,41,45
49,87,88
50,50,70
78,72,92
47,69,56
27,40,25
57,63,55
22,81,82
28,21,51
35,65,63
11,91,77
23,92,77
82,96,55
14,42,31
45,86,97
83,75,37
31,99,10
25,53,10
11,91,77
46,42,77
47,52,87
25,53,10
51,74,92
45,86,97
29,87,45
65,10,10
48,65,93
71,84,92
66,89,42
66,89,42
19,27,59
41,76,11
13,87,14
98,77,17
67,12,65
57,53,72
77,35,95
67,12,65
29,25,86
74,14,28
40,92,60
57,63,55
35,65,63
39,61,78
57,93,57
21,50,57
44,59,13
31,72,57
13,71,89
45,86,97
70,12,35
19,27,59
28,21,51
42,88,31
23,69,76
45,86,97
96,14,79
23,69,76
80,24,76
72,74,99
47,41,20
81,47,27
78,72,92
38,93,75
45,84,98
80,73,66
27,20,56
13,32,81
62,18,76
63,57,20
72,33,25
93,99,78
47,44,78
73,63,44
56,82,86
46,42,77
50,50,70
13,87,14
63,85,51
19,64,36
36,67,26
71,71,29
72,99,49
35,65,63
11,91,77
19,81,16
62,18,76
21,18,19
97,96,24
11,91,77
29,87,45
95,41,42
74,14,28
62,18,76
35,44,82
25,46,38
79,75,63
44,87,42
17,11,23
45,86,97
70,12,35
23,95,73
45,86,97
23,92,77
13,32,81
59,29,45
76,96,18
47,44,70
56,48,80
71,10,94
67,12,65
13,32,81
63,73,58
39,72,31
77,35,95
64,88,16
98,76,11
51,74,92
58,12,80
32,58,37
21,18,19
92,27,10
31,99,10
32,37,74
35,44,82
42,78,45
23,95,73
23,95,73
35,44,82
81,47,27
87,52,96
67,89,88
80,73,66
19,64,36
19,65,72
25,53,10
48,68,43
67,12,65
27,20,56
18,78,18
35,44,82
77,47,54
25,53,10
22,81,82
32,19,37
73,74,14
70,24,64
25,53,10
14,38,53
44,87,42
32,58,37
34,93,55
19,98,84
30,25,92
50,41,49
50,95,26
35,65,63
85,47,33
20,13,82
29,45,46
89,50,38
12,42,61
47,44,78
67,12,65
98,73,25
25,46,38
12,45,46
10,13,50
25,74,87
20,13,82
27,40,25
72,33,25
25,50,71
29,51,22
30,50,44
70,50,31
80,90,89
80,73,66
77,74,41
67,12,65
44,87,42
18,27,37
50,74,87
50,50,70
61,62,52
48,68,64
48,57,26
95,41,42
92,27,10
23,69,76
35,44,82
83,75,37
21,50,57
67,12,65
71,84,92
78,72,92
56,82,40
44,59,13
29,40,41
93,14,74
46,89,13
73,34,45
24,70,79
61,81,89
33,25,82
57,65,29
64,71,64
61,49,25
96,54,61
21,18,19
72,33,25
90,51,60
19,64,36
24,70,79
41,80,93
27,40,25
47,44,70
77,89,61
66,28,24
35,65,63
77,10,84
25,74,87
50,50,70
58,92,97
25,59,85
48,24,24
13,71,89
35,44,82
48,68,64
97,96,24
33,25,82
18,78,18
87,52,96
31,99,10
22,29,39
70,24,64
75,52,78
49,16,69
47,52,87
49,30,79
56,82,40
61,17,32
40,39,42
47,52,87
19,65,72
47,52,87
35,44,82
29,40,41
93,99,78
95,41,42
25,59,85
36,67,26
46,42,77
35,65,63
45,86,97
11,91,77
90,33,24
67,12,65
73,55,36
89,50,38
50,12,14
23,95,73
96,93,51
19,65,72
45,86,97
45,86,97
48,67,85
28,21,51
67,12,65
47,97,50
81,47,27
91,59,97
27,40,25
12,86,80
40,39,42
30,56,61
61,81,89
40,92,60
39,61,78
66,28,24
89,50,38
36,96,46
59,29,45
71,84,92
49,21,76
71,10,94
64,60,42
45,86,97
62,18,76
53,82,43
21,18,19
13,87,14
78,72,92
45,84,98
12,43,45
23,69,76
49,30,79
52,43,16
23,92,77
45,86,97
57,65,29
50,95,26
22,20,56
31,63,53
39,61,78
57,58,31
47,41,20
23,95,73
22,20,56
50,95,26
71,71,29
93,14,74
67,89,88
34,66,22
45,86,97
72,33,25
50,50,70
70,12,35
63,85,51
50,95,26
77,74,41
27,20,56
96,14,79
22,82,10
54,75,34
69,54,12
62,18,76
45,86,97
18,78,18
73,34,45
62,18,76
35,65,63
50,74,87
12,86,80
30,79,78
29,51,22
62,18,76
73,55,36
13,32,81
32,19,37
61,17,32
35,43,58
48,68,64
44,23,56
11,91,77
74,35,17
31,64,18
40,46,96
88,27,70
44,59,13
13,87,14
27,20,56
80,73,66
76,96,18
57,98,76
96,93,51
13,32,81
27,40,25
51,74,92
71,55,63
58,92,97
96,93,51
77,35,95
10,13,50
93,14,74
23,92,77
31,99,10
31,63,53
25,46,38
49,21,86
67,89,88
44,59,13
17,11,23
45,84,98
21,18,19
65,66,29
69,54,12
61,62,52
92,33,78
47,69,56
63,73,58
61,62,52
46,89,13
23,92,77
36,22,99
95,41,42
63,81,53
23,56,37
18,78,18
33,25,82
19,64,36
29,87,45
67,26,33
11,91,77
27,63,34
20,67,94
49,30,79
30,25,92
34,93,55
91,59,97
35,61,82
57,93,57
31,99,10
84,61,83
67,12,65
59,29,45
73,63,44
81,61,90
67,12,65
18,78,18
61,62,52
45,86,97
35,65,63
21,18,19
27,20,56
70,47,38
35,65,63
44,87,42
25,74,87
29,87,45
98,77,17
73,74,14
50,75,13
32,19,37
71,10,94
97,96,24
63,70,57
92,39,25
80,90,89
21,18,19
35,65,63
71,10,94
32,58,37
35,61,82
74,35,17
80,73,66
22,81,82
27,20,56
47,44,78
79,96,27
32,37,74
57,53,72
50,95,95
31,79,38
14,38,53
49,30,79
12,81,59
30,40,77
72,68,47
77,35,95
44,23,56
30,50,44
41,80,93
48,67,85
97,55,20
62,18,76
40,46,96
95,41,42
23,15,12
61,49,25
95,41,42
23,95,73
77,47,54
74,35,17
69,54,12
70,24,64
84,50,55
27,40,25
77,33,93
44,87,42
27,40,25
67,12,65
47,44,70
40,77,20
19,64,36
58,92,97
63,57,20
76,94,36
12,43,45
42,78,45
62,18,76
67,89,88
62,18,76
63,73,58
92,39,25
83,75,37
72,68,47
63,70,57
24,70,79
40,39,42
30,79,78
48,67,85
31,99,10
80,90,89
11,91,77
14,38,53
23,95,73
48,24,24
80,73,66
66,48,64
67,89,88
81,24,80
35,65,63
35,44,82
45,84,98
57,65,29
24,70,79
84,61,83
64,84,25
45,86,97
72,33,25
12,86,80
27,54,96
56,48,80
58,92,97
19,65,72
22,82,10
29,87,45
14,38,53
92,27,10
47,97,50
80,90,89
77,89,61
20,13,82
59,92,21
64,88,16
72,74,99
67,12,65
13,94,83
63,81,53
72,74,99
64,19,96
96,41,53
80,73,66
32,19,37
90,51,60
64,71,64
18,78,18
48,57,26
73,55,36
18,78,18
77,47,54
71,10,94
75,52,78
48,68,43
76,94,36
41,80,93
22,81,82
71,71,29
92,73,61
23,15,12
83,75,37
39,72,31
38,93,75
65,58,43
85,68,50
72,33,25
95,41,42
29,45,46
44,59,13
40,92,60
13,32,81
34,93,55
80,90,89
31,99,10
45,95,37
35,44,82
29,40,41
80,90,89
72,68,47
20,67,94
13,32,81
25,53,10
40,39,42
90,51,60
42,24,39
67,89,88
12,43,45
62,18,76
77,10,84
90,51,60
45,86,97
23,15,12
57,93,57
28,21,51
61,17,32
25,16,27
89,50,38
45,86,97
80,73,66
34,93,55
62,18,76
35,65,63
31,99,10
40,39,42
42,24,39
40,39,42
61,62,52
61,81,89
19,65,72
32,58,37
72,99,49
12,81,59
22,81,82
27,40,25
35,61,82
32,19,37
27,40,25
63,85,51
86,41,82
23,92,77
77,35,95
77,35,95
13,32,81
61,62,52
62,18,76
50,74,87
31,72,57
27,85,88
78,72,92
27,20,56
50,95,26
96,93,51
32,58,37
84,50,55
72,99,49
11,91,77
30,50,44
35,65,63
21,50,57
35,43,58
73,74,14
67,12,65
50,95,26
76,96,18
11,91,77
64,19,96
27,40,25
88,27,70
47,44,70
59,92,21
92,27,10
61,49,25
86,41,82
72,33,25
51,74,92
23,69,76
31,63,53
80,73,66
22,81,82
20,13,82
47,44,70
51,12,17
57,58,31
63,73,58
35,43,58
47,52,87
92,18,84
72,33,25
67,12,65
67,12,65
68,63,95
18,78,18
18,78,18
50,75,13
19,65,72
19,65,72
46,42,77
92,27,10
45,84,98
77,89,61
70,47,38
36,67,26
32,19,37
37,94,41
77,47,54
13,32,81
64,88,16
27,63,34
54,87,72
47,41,20
77,35,95
97,55,20
62,18,76
71,55,63
14,38,53
14,38,53
82,96,55
23,95,73
23,95,73
90,51,60
90,57,54
14,38,53
96,41,53
13,32,81
50,95,26
35,65,63
57,53,72
41,80,93
37,94,41
67,89,88
95,41,42
88,59,65
62,18,76
47,52,87
24,16,56
50,12,14
24,16,56
35,65,63
63,81,53
40,39,42
23,15,12
45,84,98
47,41,20
35,44,82
41,80,93
35,86,78
95,41,42
49,87,88
34,93,55
49,30,79
67,89,88
19,65,72
90,51,60
21,18,19
47,44,70
90,51,60
25,50,71
40,92,60
50,95,26
17,57,14
85,60,89
50,12,14
83,75,37
25,16,27
35,65,63
73,74,14
31,72,57
48,68,43
27,40,25
27,20,56
74,73,69
57,53,72
31,99,10
19,65,72
72,74,99
86,78,89
73,55,36
18,27,37
35,65,63
62,18,76
14,38,53
23,92,77
27,20,56
13,87,14
71,10,94
39,60,38
90,51,60
62,18,76
80,90,89
31,99,10
72,68,47
18,78,18
72,33,25
41,80,93
45,86,97
50,74,87
96,54,61
57,93,57
48,57,26
34,93,55
44,27,96
35,65,63
58,92,97
18,78,18
36,82,53
40,92,60
56,48,80
77,35,95
40,39,42
21,50,57
98,77,17
19,65,72
72,99,49
12,81,59
66,28,24
47,52,87
61,62,52
30,22,83
70,12,35
23,95,73
29,87,45
35,65,63
98,76,11
63,85,51
29,51,22
39,55,13
67,89,88
66,89,42
40,39,42
48,57,26
74,14,28
47,52,87
19,65,72
67,26,33
61,49,25
65,66,29
27,20,56
46,42,77
19,65,72
22,20,56
40,39,42
72,33,25
45,84,98
84,61,83
45,86,97
24,70,79
96,14,79
67,89,88
66,22,26
40,39,42
25,46,38
72,99,49
12,45,46
98,44,23
95,41,42
41,80,93
22,82,10
62,18,76
50,75,13
72,33,25
88,27,70
23,95,73
49,30,79
13,32,81
48,67,85
44,87,42
73,63,44
49,30,79
67,12,65
61,62,52
27,40,25
40,39,42
47,29,53
50,50,70
61,17,32
77,35,95
24,16,56
62,18,76
34,93,55
39,61,78
65,26,42
20,27,70
35,65,63
51,74,92
11,91,77
54,75,34
62,18,76
90,51,60
42,24,39
72,33,25
73,74,14
71,55,63
27,20,56
20,67,94
67,12,65
44,27,96
32,19,37
22,82,10
47,52,87
45,86,97
64,60,42
48,57,26
27,40,25
64,84,25
98,77,17
10,13,50
67,89,88
11,91,77
30,56,61
32,58,37
96,93,51
72,33,25
13,32,81
34,93,55
19,65,72
72,68,47
19,64,36
22,81,82
29,51,22
67,12,65
72,68,47
44,27,96
58,92,97
34,93,55
31,72,57
62,18,76
30,56,61
50,95,26
27,20,56
25,46,38
74,77,50
92,27,10
79,96,27
25,53,10
13,71,89
88,59,65
11,91,77
44,87,42
34,93,55
70,12,35
96,14,79
73,34,45
61,81,89
47,52,87
67,12,65
13,87,14
34,93,55
25,50,71
71,55,63
77,33,93
13,32,81
72,68,47
77,35,95
35,65,63
38,93,75
14,38,53
12,86,80
81,24,80
22,81,82
63,81,53
72,33,25
40,87,85
65,58,43
31,99,10
60,31,96
83,60,34
77,33,93
62,18,76
18,78,18
65,58,43
70,36,99
54,75,34
30,40,77
19,65,72
25,53,10
29,40,41
18,27,37
91,45,28
98,44,23
53,41,45
82,26,59
62,18,76
11,91,77
48,65,93
35,44,82
58,12,80
13,32,81
46,74,10
58,92,97
25,46,38
58,92,97
66,22,26
14,38,53
11,91,77
61,81,89
26,90,33
88,59,65
78,72,92
66,28,24
48,57,26
39,55,13
42,78,45
36,51,81
78,72,92
19,65,72
62,18,76
29,25,86
45,86,97
41,76,11
25,53,10
62,18,76
45,86,97
63,81,53
40,39,42
93,99,78
48,68,64
24,16,56
27,20,56
92,33,78
58,92,97
23,95,73
29,45,46
48,67,85
57,53,72
93,14,74
62,18,76
11,91,77
35,61,82
50,95,95
25,46,38
45,86,97
67,89,88
37,68,94
51,12,17
25,59,85
13,32,81
24,70,79
87,52,96
56,48,80
92,33,78
19,65,72
59,92,21
47,44,70
27,40,25
65,26,42
11,91,77
27,20,56
45,86,97
30,79,78
67,89,88
31,64,18
23,92,77
35,44,82
89,50,38
34,66,22
93,99,78
30,56,61
41,76,11
31,99,10
19,65,72
30,79,78
18,78,18
20,67,94
45,84,98
88,59,65
21,18,19
57,53,72
42,24,39
61,17,32
77,35,95
30,79,78
67,22,32
40,87,85
25,53,10
46,74,10
54,14,69
17,57,14
83,60,34
67,89,88
19,65,72
44,59,13
73,34,45
63,81,53
22,20,56
47,44,70
47,52,87
90,51,60
40,92,60
63,57,20
50,82,66
47,52,87
35,44,82
11,91,77
18,27,37
61,62,52
73,55,36
71,31,22
92,39,25
23,56,37
30,22,83
53,82,43
35,44,82
61,49,25
74,73,69
40,39,42
13,71,89
27,20,56
48,65,93
40,39,42
42,86,44
45,86,97
55,61,41
21,18,19
34,93,55
47,44,70
42,24,39
92,27,10
44,27,96
62,18,76
90,51,60
85,68,50
86,20,20
50,41,49
87,52,96
97,55,20
13,32,81
22,29,39
56,82,40
31,99,10
21,18,19
22,82,10
25,50,71
46,89,13
40,39,42
48,68,64
22,82,10
62,18,76
56,82,40
69,54,12
71,55,63
93,19,96
39,72,31
20,67,94
34,93,55
10,13,50
29,51,22
44,23,56
81,61,90
35,43,58
74,14,28
37,68,94
48,68,64
25,74,87
62,18,76
35,65,63
89,50,38
46,89,13
42,81,69
48,68,43
21,18,19
70,50,31
11,91,77
47,41,20
25,74,87
96,93,51
49,30,79
72,33,25
62,18,76
27,40,25
22,20,56
50,95,26
81,24,80
39,61,78
91,86,32
22,81,82
85,60,89
62,18,76
19,65,72
70,12,35
21,18,19
96,55,10
66,28,24
82,26,59
50,50,70
70,12,35
14,38,53
30,22,83
18,27,37
39,61,78
82,96,55
42,24,39
13,32,81
72,74,99
52,43,16
93,19,96
45,84,98
25,46,38
20,13,82
45,84,98
47,52,87
59,92,21
19,65,72
27,54,96
35,44,82
29,25,86
58,12,80
67,26,33
56,82,40
77,74,41
47,41,20
56,82,40
45,86,97
76,94,36
35,43,58
41,76,11
18,78,18
41,76,11
50,50,70
29,87,45
63,70,57
39,72,31
25,53,10
83,60,34
55,61,41
22,29,39
45,86,97
67,12,65
87,52,96
27,40,25
25,46,38
23,92,77
45,86,97
45,86,97
96,41,53
65,26,42
35,86,78
22,81,82
35,65,63
19,81,16
11,91,77
34,66,22
72,99,49
40,39,42
91,59,97
42,24,39
61,62,52
30,22,83
49,87,88
33,25,82
56,82,86
37,68,94
14,38,53
67,12,65