70,35
68,100
63,73
32,69
36,31
78,26
57,34
88,73
86,16
91,75
37,25
65,83
88,39
20,9
73,51
87,1
55,21
3,15
5,47
72,10
38,2
68,86
1,97
49,20
69,25
42,8
5,36
48,45
99,31
60,39
94,51
94,100
25,39
56,67
75,87
37,82
81,36
45,86
47,90
92,77
65,21
6,38
40,3
46,15
32,96
56,22
11,64
20,57
89,74
0,68
94,52
92,100
10,55
16,67
96,42
3,94
70,17
72,13
0,32
92,8
97,36
7,46
24,39
91,81
34,3
3,2
43,36
30,21
28,43
70,37
6,66
48,73
40,82
37,69
24,15
84,91
38,19
61,31
47,56
61,89
57,23
3,9
49,69
86,26
81,30
97,67
40,95
19,51
44,72
88,100
42,100
59,90
13,83
33,22
88,97
89,26
11,0
27,39
83,99
89,69